0.016290726,0.08145364,0.055137843,0.07393484,0.060150377,0.07017544,0.058897242,0.13659148,0.058897242,0.028822055,0.06390978,0.0839599,0.051378448,0.08646616,0.02631579,0.00877193,0.00877193,0.023809524,0.0050125313,0.0012531328,eff
0.017446471,0.07137193,0.086439334,0.063441716,0.120539255,0.15622522,0.09357653,0.05630452,0.03251388,0.020618556,0.042030133,0.0126883425,0.03251388,0.0126883425,0.0063441712,0.055511497,0.065820776,0.04996035,0.0031720856,7.930214E-4,eff
0.015140591,0.08363374,0.056236483,0.085796684,0.13987023,0.046863735,0.09084355,0.045421775,0.06633021,0.048305694,0.05407354,0.031002162,0.03893295,0.048305694,0.0555155,0.03893295,0.020187454,0.004325883,0.015140591,0.015140591,eff
0.010899182,0.09264305,0.11716621,0.024523161,0.089918256,0.049046323,0.04359673,0.04359673,0.11171662,0.05722071,0.021798365,0.04359673,0.010899182,0.054495912,0.029972753,0.051771116,0.013623978,0.032697547,0.032697547,0.06811989,eff
0.023715414,0.07114624,0.03557312,0.08300395,0.09881423,0.06324111,0.027667984,0.04743083,0.06719368,0.07114624,0.0039525693,0.06324111,0.07114624,0.10671937,0.0513834,0.011857707,0.05928854,0.04347826,eff
0.017045455,0.071428575,0.06818182,0.07467532,0.071428575,0.08685065,0.109577924,0.083603896,0.032467533,0.04707792,0.04788961,0.025162337,0.02353896,0.0698052,0.038961038,0.055194806,0.038961038,0.02353896,0.012175324,0.0024350649,eff
0.025735294,0.040441178,0.08639706,0.08455882,0.07169118,0.05882353,0.08639706,0.053308822,0.053308822,0.03492647,0.020220589,0.04595588,0.104779415,0.04963235,0.040441178,0.011029412,0.025735294,0.04595588,0.056985293,0.0036764706,eff
0.0093632955,0.061797753,0.039325844,0.06741573,0.10486891,0.04681648,0.058052436,0.099250935,0.07865169,0.074906364,0.06367041,0.037453182,0.043071162,0.035580523,0.018726591,0.09550562,0.039325844,0.016853932,0.0037453184,0.0056179776,eff
0.022051774,0.020134227,0.06232023,0.07286673,0.10450623,0.10354746,0.036433365,0.09971237,0.03451582,0.07957814,0.07286673,0.0527325,0.046979867,0.029721957,0.020134227,0.07286673,0.0095877275,0.019175455,0.0028763183,0.03739214,eff
0.013710368,0.039417308,0.10111397,0.059125964,0.07540703,0.049700085,0.05227078,0.024850043,0.048843186,0.08483291,0.05655527,0.12082262,0.07455013,0.078834616,0.022279348,0.018851757,0.059982862,0.0042844904,0.014567266,eff
0.010714286,0.077380955,0.0702381,0.08452381,0.0702381,0.036904763,0.03809524,0.065476194,0.086904764,0.05,0.10952381,0.08928572,0.025,0.045238096,0.017857144,0.020238096,0.03214286,0.041666668,0.021428572,0.007142857,eff
0.026978416,0.070143886,0.05755396,0.053956833,0.06834532,0.07733813,0.06294964,0.052158274,0.035971224,0.052158274,0.043165468,0.07194245,0.03417266,0.07733813,0.07913669,0.059352517,0.026978416,0.037769783,0.0053956835,0.007194245,eff
0.011160715,0.078125,0.071428575,0.11160714,0.08258928,0.0625,0.04910714,0.051339287,0.084821425,0.05357143,0.020089285,0.058035713,0.04017857,0.02455357,0.08035714,0.015625,0.0625,0.03348214,0.0066964286,0.002232143,eff
0.01330377,0.042128604,0.10421286,0.033259425,0.039911307,0.07760532,0.06430155,0.024390243,0.037694015,0.046563193,0.11308204,0.05986696,0.0864745,0.09534368,0.07317073,0.028824834,0.017738359,0.033259425,0.006651885,0.0022172949,eff
0.014697569,0.042396836,0.062747315,0.07292256,0.052572075,0.067834936,0.08535896,0.067269646,0.10344828,0.07292256,0.026568683,0.044092707,0.07518372,0.036743924,0.07235727,0.0028264555,0.018089317,0.0033917467,0.05596382,0.022611644,eff
0.009463723,0.07255521,0.0851735,0.06940063,0.06940063,0.04416404,0.10725552,0.056782335,0.0851735,0.06940063,0.04731861,0.06940063,0.04416404,0.01577287,0.04731861,0.05362776,0.018927446,0.02208202,0.0063091484,0.0063091484,eff
0.024752475,0.089108914,0.06930693,0.09405941,0.103960395,0.04950495,0.10891089,0.02970297,0.02970297,0.06435644,0.054455444,0.044554457,0.03960396,0.04950495,0.07920792,0.03960396,0.024752475,0.004950495,eff
0.01545396,0.1545396,0.08628461,0.03090792,0.040566646,0.09207985,0.09272376,0.062459756,0.06310367,0.0515132,0.019961365,0.054732773,0.07920154,0.02318094,0.040566646,0.07083065,0.013522215,0.0051513202,0.003219575,eff
0.016746411,0.023923445,0.10047847,0.0023923444,0.07177033,0.086124405,0.055023924,0.05263158,0.11722488,0.028708134,0.07177033,0.016746411,0.07655502,0.043062203,0.043062203,0.11722488,0.04784689,0.021531101,0.0071770335,eff
0.04743083,0.08300395,0.05928854,0.011857707,0.023715414,0.06324111,0.031620555,0.015810277,0.023715414,0.08695652,0.07114624,0.08695652,0.11067194,0.031620555,0.019762846,0.07905138,0.09881423,0.0039525693,0.03557312,0.015810277,eff
0.03809524,0.123809524,0.057142857,0.057142857,0.123809524,0.06666667,0.08571429,0.03809524,0.06666667,0.028571429,0.01904762,0.08571429,0.03809524,0.06666667,0.03809524,0.00952381,0.00952381,0.01904762,0.01904762,0.00952381,eff
0.013071896,0.11111111,0.11764706,0.045751635,0.09803922,0.104575165,0.08496732,0.06535948,0.07189543,0.039215688,0.09803922,0.03267974,0.03267974,0.03267974,0.006535948,0.013071896,0.019607844,0.013071896,eff
0.026143791,0.045751635,0.14379086,0.18300654,0.039215688,0.07189543,0.052287582,0.03267974,0.026143791,0.11764706,0.05882353,0.078431375,0.039215688,0.03267974,0.045751635,0.006535948,eff
0.047058824,0.15294118,0.023529412,0.14117648,0.023529412,0.07058824,0.105882354,0.09411765,0.05882353,0.03529412,0.03529412,0.03529412,0.011764706,0.011764706,0.047058824,0.023529412,0.023529412,0.047058824,0.011764706,eff
0.034285713,0.045714285,0.08571429,0.017142856,0.10285714,0.05142857,0.13142857,0.034285713,0.04,0.022857143,0.028571429,0.045714285,0.045714285,0.057142857,0.028571429,0.011428571,0.057142857,0.068571426,0.074285716,0.017142856,eff
0.022304833,0.09665427,0.0111524165,0.08550186,0.12639405,0.040892195,0.029739777,0.0669145,0.01858736,0.040892195,0.07434944,0.040892195,0.08550186,0.03345725,0.07063197,0.063197024,0.026022306,0.048327137,0.01858736,eff
0.065789476,0.10526316,0.08552632,0.039473683,0.09210526,0.059210528,0.1118421,0.07236842,0.032894738,0.059210528,0.08552632,0.0065789474,0.013157895,0.02631579,0.013157895,0.05263158,0.0065789474,0.032894738,0.02631579,0.013157895,eff
0.030075189,0.037593983,0.030075189,0.09774436,0.075187966,0.15037593,0.060150377,0.04511278,0.030075189,0.030075189,0.060150377,0.04511278,0.067669176,0.037593983,0.037593983,0.04511278,0.037593983,0.04511278,0.030075189,0.007518797,eff
0.02202643,0.105726875,0.07048458,0.026431719,0.030837005,0.017621145,0.04845815,0.04845815,0.11013216,0.09251101,0.06167401,0.07488987,0.04405286,0.02202643,0.08370044,0.026431719,0.030837005,0.004405286,0.04405286,0.03524229,eff
