0.022128556,0.046364594,0.10115912,0.072708115,0.043203373,0.06533193,0.119072706,0.05584826,0.031612225,0.04004215,0.029504742,0.06322445,0.06533193,0.07692308,0.0052687037,0.033719704,0.05479452,0.008429926,0.02528978,0.04004215,eff
0.038639877,0.077279754,0.05873261,0.044822257,0.041731067,0.10355487,0.047913447,0.051004637,0.09891808,0.035548687,0.03400309,0.09119011,0.030911902,0.060278207,0.03709428,0.04327666,0.07882535,0.0077279755,0.015455951,0.00309119,eff
0.01754386,0.08070175,0.1,0.040350877,0.028070176,0.092982456,0.05087719,0.078947365,0.038596492,0.04385965,0.07368421,0.0754386,0.010526316,0.06315789,0.05087719,0.042105265,0.05087719,0.033333335,0.024561403,0.003508772,eff
0.020325202,0.036585364,0.040650405,0.040650405,0.06504065,0.07723577,0.044715445,0.08130081,0.048780486,0.05691057,0.05284553,0.05284553,0.008130081,0.09756097,0.06504065,0.08943089,0.008130081,0.05284553,0.0121951215,0.048780486,eff
0.01863354,0.031055901,0.07763975,0.08695652,0.060559005,0.09006211,0.05900621,0.01863354,0.035714287,0.060559005,0.048136648,0.08695652,0.05279503,0.04037267,0.060559005,0.06677019,0.02173913,0.031055901,0.041925468,0.010869565,eff
0.016638935,0.034941763,0.07154742,0.06322795,0.07154742,0.044925123,0.098169714,0.059900165,0.08153078,0.06821963,0.029950082,0.04825291,0.024958402,0.061564058,0.041597337,0.04825291,0.04326123,0.009983361,0.064891845,0.016638935,eff
0.01775148,0.06311637,0.039447732,0.061143983,0.09270217,0.07100592,0.07100592,0.049309663,0.0591716,0.0591716,0.10650887,0.041420117,0.025641026,0.0295858,0.06706114,0.06508876,0.009861933,0.043392505,0.025641026,0.0019723866,eff
0.01923077,0.048076924,0.028846154,0.120192304,0.052884616,0.072115384,0.009615385,0.07692308,0.048076924,0.08173077,0.100961536,0.033653848,0.033653848,0.043269232,0.043269232,0.0625,0.052884616,0.01923077,0.052884616,eff
0.03084833,0.06169666,0.06169666,0.11825193,0.048843186,0.059125964,0.059125964,0.048843186,0.053984575,0.079691514,0.053984575,0.06683805,0.051413883,0.041131105,0.048843186,0.06426735,0.028277636,0.005141388,0.010282776,0.0077120825,eff
0.017857144,0.03125,0.042410713,0.04017857,0.077008925,0.04464286,0.09151786,0.069196425,0.084821425,0.1484375,0.051339287,0.027901785,0.05245536,0.050223213,0.010044643,0.06026786,0.03013393,0.03794643,0.013392857,0.018973215,eff
0.03524229,0.04405286,0.11453745,0.04405286,0.0969163,0.07929515,0.07929515,0.057268724,0.030837005,0.04405286,0.04405286,0.02202643,0.013215859,0.06167401,0.039647575,0.026431719,0.039647575,0.06167401,0.057268724,0.008810572,eff
0.013368984,0.06684492,0.05882353,0.07486631,0.06417112,0.01604278,0.050802138,0.061497327,0.07219251,0.06684492,0.045454547,0.0828877,0.10695187,0.040106952,0.034759358,0.034759358,0.021390375,0.040106952,0.010695187,0.037433155,eff
0.016949153,0.05762712,0.084745765,0.033898305,0.12881356,0.030508475,0.06440678,0.06779661,0.06440678,0.027118644,0.033898305,0.027118644,0.06440678,0.05762712,0.037288137,0.05762712,0.0779661,0.006779661,0.013559322,0.047457628,eff
0.022727273,0.059917357,0.08884297,0.06404959,0.055785123,0.06404959,0.13636364,0.055785123,0.026859503,0.06818182,0.012396694,0.035123967,0.0392562,0.04338843,0.0785124,0.04338843,0.04752066,0.024793388,0.022727273,0.010330578,eff
0.013888889,0.018518519,0.097222224,0.027777778,0.0787037,0.06481481,0.027777778,0.08796296,0.0787037,0.060185187,0.06944445,0.023148147,0.055555556,0.060185187,0.08796296,0.023148147,0.050925925,0.06481481,0.0046296297,0.0046296297,eff
0.011864407,0.12542373,0.0779661,0.116949156,0.03559322,0.027118644,0.04576271,0.010169491,0.054237287,0.062711865,0.022033898,0.06440678,0.055932205,0.03898305,0.020338982,0.12542373,0.052542374,0.018644068,0.030508475,0.0033898305,eff
0.04494382,0.056179777,0.050561797,0.15168539,0.06741573,0.123595506,0.084269665,0.028089888,0.033707865,0.039325844,0.056179777,0.033707865,0.039325844,0.04494382,0.039325844,0.061797753,0.033707865,0.0056179776,0.0056179776,eff
0.04232804,0.052910052,0.07936508,0.052910052,0.11111111,0.04232804,0.04232804,0.04232804,0.04232804,0.08465608,0.031746034,0.04232804,0.05820106,0.052910052,0.026455026,0.06349207,0.05820106,0.052910052,0.01058201,0.01058201,eff
0.028985508,0.09178744,0.053140096,0.06763285,0.033816423,0.04347826,0.028985508,0.024154589,0.04347826,0.019323671,0.08695652,0.09178744,0.038647342,0.12077295,0.06763285,0.033816423,0.04347826,0.057971016,0.009661836,0.014492754,eff
0.010889292,0.039019965,0.03629764,0.11978222,0.049001817,0.04446461,0.03720508,0.08257713,0.047186933,0.0707804,0.010889292,0.025408348,0.058983665,0.056261342,0.0707804,0.07531761,0.087114334,0.055353902,0.01814882,0.004537205,eff
0.013605442,0.040816326,0.09297052,0.07029478,0.07256236,0.040816326,0.058956917,0.06349207,0.07256236,0.006802721,0.06802721,0.034013607,0.0952381,0.06122449,0.045351475,0.045351475,0.0430839,0.045351475,0.027210884,0.0022675737,eff
0.019723866,0.14398421,0.07692308,0.061143983,0.08086785,0.04536489,0.0295858,0.07692308,0.053254437,0.05719921,0.007889546,0.037475344,0.021696253,0.0295858,0.061143983,0.043392505,0.0591716,0.04733728,0.03353057,0.013806706,eff
0.016706444,0.031026253,0.062052507,0.01909308,0.05966587,0.10501193,0.10739857,0.071599044,0.03341289,0.01909308,0.047732696,0.00477327,0.052505966,0.06443914,0.07637232,0.057279237,0.07637232,0.057279237,0.035799522,0.002386635,eff
0.030303031,0.1030303,0.07878788,0.12727273,0.030303031,0.048484847,0.1030303,0.07272727,0.030303031,0.042424243,0.084848486,0.036363635,0.042424243,0.036363635,0.030303031,0.030303031,0.012121212,0.048484847,0.012121212,eff
0.028169014,0.08098592,0.08450704,0.045774646,0.06690141,0.07042254,0.09154929,0.056338027,0.06690141,0.0070422534,0.04225352,0.07042254,0.038732395,0.07746479,0.028169014,0.056338027,0.028169014,0.03169014,0.028169014,eff
0.014336918,0.109318994,0.04121864,0.043010753,0.059139784,0.0035842294,0.066308245,0.10752688,0.059139784,0.044802867,0.09498208,0.035842296,0.039426524,0.044802867,0.09318996,0.03046595,0.04121864,0.048387095,0.019713262,0.0035842294,eff
0.026373627,0.035164837,0.083516486,0.03736264,0.03956044,0.043956045,0.046153847,0.026373627,0.054945055,0.0065934067,0.083516486,0.052747253,0.05934066,0.08571429,0.04835165,0.072527476,0.06153846,0.06593407,0.057142857,0.013186813,eff
0.02972399,0.091295116,0.05732484,0.055201698,0.050955415,0.093418255,0.10828026,0.050955415,0.07643312,0.055201698,0.055201698,0.072186835,0.01910828,0.042462844,0.06369427,0.01910828,0.025477707,0.027600849,0.006369427,eff
0.026785715,0.07366072,0.11383928,0.071428575,0.118303575,0.03348214,0.046875,0.042410713,0.06026786,0.026785715,0.020089285,0.020089285,0.04910714,0.05357143,0.084821425,0.0625,0.004464286,0.04464286,0.03794643,0.008928572,eff
0.021598272,0.060475163,0.071274295,0.047516197,0.05399568,0.049676027,0.06695464,0.064794816,0.04535637,0.05399568,0.008639309,0.075593956,0.071274295,0.030237582,0.047516197,0.049676027,0.021598272,0.049676027,0.03887689,0.071274295,eff
0.018255578,0.1724138,0.054766733,0.07302231,0.06288032,0.07910751,0.012170386,0.060851928,0.10547667,0.026369167,0.042596348,0.060851928,0.040567953,0.022312373,0.052738335,0.030425964,0.020283977,0.006085193,0.036511157,0.022312373,eff
0.029680366,0.05022831,0.047945205,0.06849315,0.06621005,0.06849315,0.07762557,0.0456621,0.03652968,0.07534247,0.020547945,0.06392694,0.038812786,0.07762557,0.05936073,0.057077624,0.05479452,0.04109589,0.01826484,0.002283105,eff
0.016968327,0.049773756,0.033936653,0.03733032,0.030542986,0.056561086,0.062217195,0.066742085,0.11877828,0.056561086,0.061085973,0.07579186,0.04411765,0.07013575,0.03846154,0.05882353,0.048642535,0.04411765,0.014705882,0.014705882,eff
0.020460358,0.040920716,0.08184143,0.12787724,0.071611255,0.03836317,0.046035804,0.05882353,0.051150896,0.061381076,0.046035804,0.0076726344,0.05370844,0.05370844,0.03836317,0.028132992,0.061381076,0.056265984,0.05370844,0.0025575447,eff
0.006756757,0.037162162,0.14527027,0.067567565,0.091216214,0.06418919,0.054054055,0.0777027,0.050675675,0.016891891,0.10135135,0.027027028,0.033783782,0.006756757,0.0777027,0.02364865,0.016891891,0.027027028,0.07094595,0.0033783785,eff
0.013888889,0.046296295,0.11574074,0.125,0.055555556,0.08796296,0.083333336,0.050925925,0.06944445,0.055555556,0.018518519,0.032407407,0.027777778,0.060185187,0.050925925,0.060185187,0.027777778,0.009259259,0.0046296297,0.0046296297,eff
0.010204081,0.06122449,0.06122449,0.040816326,0.09863946,0.0952381,0.05782313,0.09863946,0.08163265,0.04761905,0.010204081,0.06462585,0.04761905,0.023809524,0.06462585,0.04761905,0.040816326,0.027210884,0.0034013605,0.017006803,eff
0.013761468,0.09862386,0.10091743,0.050458714,0.06651376,0.020642202,0.10321101,0.121559635,0.03211009,0.07339449,0.052752294,0.05733945,0.018348623,0.050458714,0.029816514,0.02293578,0.036697246,0.029816514,0.016055046,0.0045871558,eff
0.013368984,0.010695187,0.04812834,0.07219251,0.061497327,0.101604275,0.069518715,0.05882353,0.02406417,0.06684492,0.069518715,0.056149732,0.0026737968,0.029411765,0.05882353,0.080213904,0.05882353,0.045454547,0.06684492,0.0053475937,eff
0.026865672,0.08656716,0.047761194,0.15820895,0.05970149,0.10149254,0.07164179,0.04477612,0.017910447,0.06268657,0.053731345,0.05671642,0.08955224,0.035820894,0.032835823,0.020895522,0.0089552235,0.014925373,0.0029850747,0.0059701493,eff
0.014705882,0.11764706,0.019607844,0.05392157,0.04901961,0.13235295,0.05882353,0.083333336,0.05392157,0.04411765,0.024509804,0.04901961,0.05882353,0.073529415,0.04901961,0.024509804,0.024509804,0.024509804,0.039215688,0.004901961,eff
0.027777778,0.06111111,0.047222223,0.08611111,0.03888889,0.055555556,0.1388889,0.047222223,0.08611111,0.055555556,0.06666667,0.033333335,0.03888889,0.06666667,0.022222223,0.027777778,0.055555556,0.033333335,0.011111111,eff
0.027950311,0.03416149,0.055900622,0.04037267,0.09006211,0.07763975,0.06521739,0.049689442,0.06832298,0.05279503,0.07763975,0.04658385,0.03726708,0.083850935,0.083850935,0.06521739,0.0062111802,0.01863354,0.01863354,eff
0.016036656,0.049255442,0.043528065,0.04696449,0.082474224,0.053837344,0.10882016,0.05956472,0.050400916,0.08476518,0.07560138,0.033218786,0.043528065,0.07674685,0.04696449,0.028636884,0.04238259,0.04696449,0.0068728523,0.0034364262,eff
0.012596221,0.0776767,0.06298111,0.08397481,0.09797061,0.12596221,0.044086773,0.049685095,0.060881734,0.057382785,0.060181946,0.024492653,0.027291812,0.039188243,0.033589922,0.048985306,0.050384883,0.030790763,0.0048985304,0.0069979005,eff
0.018656716,0.07462686,0.01119403,0.11940298,0.05970149,0.05597015,0.063432835,0.03731343,0.063432835,0.03731343,0.108208954,0.05597015,0.041044775,0.063432835,0.04477612,0.03731343,0.0074626864,0.041044775,0.03731343,0.02238806,eff
0.013392857,0.0625,0.10491072,0.051339287,0.05580357,0.07366072,0.06696428,0.04464286,0.035714287,0.03794643,0.06696428,0.058035713,0.0625,0.035714287,0.035714287,0.06473214,0.0066964286,0.03794643,0.06473214,0.020089285,eff
0.026262626,0.052525252,0.032323234,0.06666667,0.076767676,0.08282828,0.056565657,0.054545455,0.052525252,0.12323232,0.034343433,0.026262626,0.01010101,0.04040404,0.036363635,0.046464648,0.08080808,0.062626265,0.028282829,0.01010101,eff
0.023696683,0.123222746,0.061611373,0.04265403,0.06398104,0.073459715,0.030805686,0.08056872,0.0450237,0.09241706,0.035545025,0.037914693,0.047393367,0.06398104,0.06635071,0.02606635,0.030805686,0.018957347,0.0047393367,0.030805686,eff
0.015527951,0.05279503,0.05900621,0.05279503,0.049689442,0.07763975,0.08074534,0.11490683,0.04347826,0.062111802,0.062111802,0.083850935,0.031055901,0.071428575,0.04347826,0.024844721,0.024844721,0.015527951,0.031055901,0.0031055901,eff
0.024475524,0.04895105,0.052447554,0.11188811,0.047202796,0.043706294,0.08741259,0.03846154,0.034965035,0.04895105,0.08391608,0.005244755,0.036713287,0.04895105,0.064685315,0.04895105,0.10314685,0.03846154,0.024475524,0.006993007,eff
0.028428094,0.09364548,0.048494983,0.05685619,0.05685619,0.07859532,0.04347826,0.06187291,0.07692308,0.080267556,0.040133778,0.091973245,0.048494983,0.028428094,0.05685619,0.020066889,0.0100334445,0.055183947,0.020066889,0.0033444816,eff
0.023076924,0.03846154,0.08461539,0.092307694,0.115384616,0.06923077,0.053846154,0.092307694,0.07692308,0.03846154,0.015384615,0.053846154,0.0076923077,0.06153846,0.03076923,0.08461539,0.023076924,0.03846154,eff
0.019565217,0.052173913,0.063043475,0.052173913,0.08260869,0.052173913,0.104347825,0.04347826,0.034782607,0.12608695,0.036956523,0.08478261,0.047826085,0.026086956,0.073913045,0.05869565,0.013043478,0.023913043,0.004347826,eff
0.01594533,0.018223235,0.04328018,0.07061503,0.04783599,0.054669704,0.054669704,0.107061505,0.113895215,0.025056947,0.09567198,0.025056947,0.066059224,0.05922551,0.04328018,0.061503418,0.009111618,0.04783599,0.03644647,0.004555809,eff
0.010403121,0.052015606,0.062418725,0.058517557,0.040312093,0.0793238,0.033810142,0.11963589,0.091027305,0.057217166,0.087126136,0.054616384,0.039011702,0.054616384,0.031209363,0.048114434,0.024707412,0.037711315,0.015604681,0.0026007802,eff
0.040609136,0.07614213,0.040609136,0.040609136,0.065989845,0.030456852,0.04568528,0.065989845,0.040609136,0.10152284,0.065989845,0.055837564,0.04568528,0.010152284,0.12690355,0.040609136,0.035532996,0.015228426,0.030456852,0.02538071,eff
0.020134227,0.020134227,0.053691275,0.026845638,0.10738255,0.08053691,0.026845638,0.16778524,0.040268455,0.033557046,0.026845638,0.060402684,0.060402684,0.10738255,0.026845638,0.026845638,0.053691275,0.046979867,0.0067114094,0.0067114094,eff
0.009009009,0.038288288,0.04954955,0.067567565,0.074324325,0.02027027,0.1509009,0.06531531,0.058558557,0.072072074,0.0472973,0.033783782,0.06081081,0.04054054,0.018018018,0.033783782,0.045045044,0.06306306,0.045045044,0.006756757,eff
0.008492569,0.04989384,0.10615711,0.077494696,0.042462844,0.09023354,0.055201698,0.043524414,0.03821656,0.07112527,0.0881104,0.042462844,0.040339705,0.05838641,0.06369427,0.021231422,0.011677282,0.0042462847,0.04989384,0.03715499,eff
0.0175,0.0925,0.035,0.0625,0.03,0.06,0.055,0.0425,0.0125,0.12,0.095,0.0425,0.01,0.0725,0.0325,0.04,0.06,0.0575,0.03,0.0325,eff
0.023809524,0.05357143,0.04761905,0.10119048,0.10119048,0.041666668,0.041666668,0.017857144,0.11309524,0.10714286,0.041666668,0.029761905,0.071428575,0.05357143,0.017857144,0.023809524,0.029761905,0.035714287,0.041666668,0.005952381,eff
0.021084337,0.14307229,0.04066265,0.067771085,0.07379518,0.046686746,0.078313254,0.0813253,0.05873494,0.04066265,0.06174699,0.042168673,0.045180723,0.036144577,0.049698796,0.030120483,0.004518072,0.030120483,0.03313253,0.015060241,eff
0.015053763,0.06451613,0.106451616,0.07204301,0.094623655,0.06666667,0.041935485,0.040860213,0.059139784,0.05376344,0.024731183,0.094623655,0.05268817,0.049462367,0.059139784,0.009677419,0.030107526,0.019354839,0.03763441,0.0075268815,eff
0.01992032,0.07436919,0.055776894,0.09561753,0.08897743,0.057104915,0.057104915,0.05179283,0.04249668,0.09163347,0.033200532,0.049136788,0.03984064,0.05312085,0.06374502,0.045152724,0.034528553,0.033200532,0.0066401064,0.0066401064,eff
0.04918033,0.07103825,0.043715846,0.06010929,0.04918033,0.09836066,0.032786883,0.05464481,0.07103825,0.06010929,0.027322404,0.12568305,0.016393442,0.021857923,0.010928961,0.043715846,0.04918033,0.05464481,0.016393442,0.043715846,eff
0.011450382,0.08969466,0.045801528,0.040076334,0.03816794,0.09541985,0.040076334,0.034351144,0.055343512,0.0629771,0.04389313,0.0648855,0.045801528,0.057251908,0.057251908,0.08969466,0.07251909,0.041984733,0.009541985,0.003816794,eff
0.029739777,0.07434944,0.08550186,0.048327137,0.03717472,0.063197024,0.078066915,0.05204461,0.09665427,0.055762082,0.029739777,0.044609666,0.048327137,0.055762082,0.059479553,0.05204461,0.044609666,0.03345725,0.0111524165,eff
0.030612245,0.12244898,0.015306123,0.06632653,0.05102041,0.035714287,0.06122449,0.030612245,0.096938774,0.030612245,0.030612245,0.07653061,0.035714287,0.025510205,0.0867347,0.030612245,0.091836736,0.05102041,0.010204081,0.020408163,eff
0.01713062,0.04496788,0.085653104,0.085653104,0.051391862,0.07066381,0.03426124,0.059957173,0.0385439,0.040685225,0.051391862,0.11563169,0.049250536,0.05353319,0.032119915,0.01713062,0.042826552,0.04710921,0.049250536,0.012847966,eff
0.033407573,0.09799554,0.046770602,0.05790646,0.037861917,0.04899777,0.10244989,0.10467706,0.055679288,0.08017817,0.077951,0.017817372,0.066815145,0.042316258,0.0311804,0.026726058,0.022271715,0.033407573,0.011135858,0.004454343,eff
0.011764706,0.03137255,0.043137256,0.12156863,0.09803922,0.05490196,0.08235294,0.019607844,0.039215688,0.08235294,0.03529412,0.06666667,0.039215688,0.06666667,0.06666667,0.02745098,0.047058824,0.03529412,0.011764706,0.019607844,eff
0.023423424,0.06666667,0.045045044,0.072072074,0.06666667,0.08108108,0.12432432,0.04144144,0.030630631,0.06306306,0.05945946,0.04144144,0.014414415,0.037837837,0.04144144,0.075675674,0.009009009,0.021621622,0.06846847,0.016216217,eff
0.017066667,0.12,0.07306667,0.074666664,0.082666665,0.0448,0.04853333,0.042133335,0.048,0.020266667,0.056,0.037866667,0.0368,0.09386667,0.075733334,0.054933332,0.037333332,0.0032,0.0272,0.005866667,eff
0.026022306,0.026022306,0.07063197,0.08550186,0.07063197,0.01858736,0.08178439,0.029739777,0.07063197,0.11524164,0.048327137,0.040892195,0.05204461,0.029739777,0.029739777,0.063197024,0.026022306,0.055762082,0.055762082,0.003717472,eff
0.020408163,0.10495627,0.027696794,0.055393588,0.10349854,0.09620991,0.05102041,0.037900876,0.026239067,0.045189504,0.06122449,0.040816326,0.0670554,0.0787172,0.048104957,0.08163265,0.023323616,0.017492712,0.002915452,0.010204081,eff
0.0186722,0.05394191,0.10373444,0.09128631,0.058091287,0.049792532,0.06846473,0.026970955,0.03941909,0.11618257,0.07676349,0.03526971,0.049792532,0.033195022,0.058091287,0.03941909,0.010373444,0.020746889,0.016597511,0.033195022,eff
0.030434782,0.034782607,0.09130435,0.026086956,0.060869563,0.09565217,0.039130434,0.047826085,0.09130435,0.06521739,0.047826085,0.073913045,0.104347825,0.060869563,0.052173913,0.026086956,0.004347826,0.034782607,0.008695652,0.004347826,eff
0.028688524,0.07377049,0.07377049,0.06147541,0.040983606,0.07377049,0.016393442,0.06967213,0.057377048,0.07377049,0.09016393,0.10655738,0.045081966,0.024590164,0.028688524,0.020491803,0.028688524,0.06147541,0.016393442,0.008196721,eff
0.03202847,0.02846975,0.0569395,0.042704627,0.044483986,0.06049822,0.040925268,0.051601425,0.055160142,0.016014235,0.049822062,0.08007117,0.07829182,0.06405694,0.08896797,0.049822062,0.08007117,0.06049822,0.012455516,0.0071174377,eff
0.017632242,0.050377835,0.055415615,0.078085646,0.042821158,0.055415615,0.065491185,0.052896727,0.08312342,0.07304786,0.050377835,0.10327456,0.035264485,0.040302265,0.075566754,0.06297229,0.017632242,0.035264485,0.0025188916,0.0025188916,eff
0.009592326,0.0911271,0.07913669,0.086330935,0.023980815,0.052757792,0.033573143,0.0647482,0.06714629,0.016786572,0.06235012,0.038369305,0.05035971,0.03117506,0.06235012,0.07673861,0.07434053,0.035971224,0.004796163,0.038369305,eff
0.010572687,0.069603525,0.09955947,0.0907489,0.04581498,0.050220266,0.101321585,0.06343612,0.039647575,0.037004404,0.093392074,0.04140969,0.03788546,0.030837005,0.05550661,0.054625552,0.01585903,0.016740087,0.042290747,0.0035242292,eff
0.019267824,0.05973025,0.078998074,0.07129095,0.061657034,0.046242774,0.06936416,0.077071294,0.040462427,0.08477842,0.05202312,0.038535647,0.05202312,0.04238921,0.0327553,0.094412334,0.04238921,0.023121387,0.009633912,0.0038535646,eff
0.017639078,0.07734057,0.029850746,0.06919946,0.073270015,0.05834464,0.07055631,0.043419268,0.062415197,0.048846677,0.066485755,0.0678426,0.048846677,0.05020353,0.10854817,0.047489822,0.036635008,0.012211669,0.0040705563,0.0067842607,eff
0.02925532,0.010638298,0.031914894,0.031914894,0.0930851,0.1462766,0.01861702,0.047872342,0.03723404,0.03723404,0.047872342,0.07446808,0.10106383,0.082446806,0.021276595,0.010638298,0.06648936,0.09042553,0.021276595,eff
0.03960396,0.03960396,0.07920792,0.05940594,0.0990099,0.03960396,0.0990099,0.05940594,0.00990099,0.10891089,0.01980198,0.04950495,0.03960396,0.02970297,0.089108914,0.02970297,0.04950495,0.04950495,0.00990099,eff
0.02519685,0.1007874,0.08661418,0.042519685,0.022047244,0.02992126,0.05984252,0.11496063,0.033070866,0.062992126,0.08346457,0.04566929,0.04094488,0.0503937,0.04566929,0.03464567,0.08188976,0.02992126,0.0062992126,0.0031496063,eff
0.031403337,0.019627085,0.038272817,0.035328753,0.06673209,0.11089303,0.07948969,0.03925417,0.04808636,0.037291463,0.057899904,0.056918547,0.07458293,0.055937193,0.07850834,0.04808636,0.030421982,0.042198233,0.044160943,0.0049067712,eff
0.029776676,0.05459057,0.11166253,0.049627792,0.052109182,0.06203474,0.034739453,0.06699752,0.0719603,0.047146402,0.07692308,0.06203474,0.044665013,0.032258064,0.014888338,0.089330025,0.029776676,0.029776676,0.024813896,0.014888338,eff
0.054421768,0.020408163,0.10204082,0.11564626,0.0952381,0.054421768,0.040816326,0.088435374,0.10204082,0.054421768,0.0952381,0.06122449,0.04761905,0.013605442,0.006802721,0.020408163,0.006802721,0.020408163,eff
0.023809524,0.03809524,0.042857144,0.071428575,0.04761905,0.12857144,0.014285714,0.052380953,0.01904762,0.028571429,0.08095238,0.04761905,0.042857144,0.061904762,0.08571429,0.057142857,0.042857144,0.014285714,0.042857144,0.057142857,eff
0.028368793,0.07446808,0.021276595,0.13475177,0.035460994,0.06382979,0.05319149,0.060283687,0.039007094,0.06382979,0.056737587,0.035460994,0.035460994,0.06737588,0.09929078,0.031914894,0.035460994,0.021276595,0.024822695,0.017730497,eff
0.021400778,0.04474708,0.08560311,0.108949415,0.009727626,0.06420233,0.056420233,0.050583657,0.060311284,0.04863813,0.03307393,0.052529182,0.017509727,0.052529182,0.02918288,0.083657585,0.056420233,0.054474708,0.025291828,0.04474708,eff
0.012618297,0.06940063,0.06309148,0.056782335,0.07255521,0.05362776,0.10410095,0.10410095,0.09463722,0.034700315,0.025236594,0.050473187,0.028391168,0.018927446,0.03785489,0.04731861,0.050473187,0.03785489,0.03154574,0.0063091484,eff
0.021321962,0.06823028,0.03411514,0.08528785,0.081023455,0.07249467,0.04477612,0.104477614,0.06609808,0.03837953,0.046908315,0.01705757,0.08528785,0.03837953,0.031982943,0.042643923,0.0042643924,0.07249467,0.023454158,0.021321962,eff
0.021505376,0.07311828,0.11827957,0.060215052,0.086021505,0.068817206,0.06236559,0.077419356,0.025806451,0.047311828,0.043010753,0.047311828,0.060215052,0.021505376,0.06451613,0.03655914,0.025806451,0.015053763,0.03655914,0.008602151,eff
0.013215859,0.026431719,0.11453745,0.11453745,0.052863438,0.030837005,0.04405286,0.07048458,0.09251101,0.09251101,0.057268724,0.03524229,0.03524229,0.039647575,0.08810572,0.02202643,0.04845815,0.008810572,0.013215859,eff
0.032608695,0.08695652,0.07065217,0.016304348,0.04347826,0.038043477,0.054347824,0.04347826,0.038043477,0.08152174,0.11413044,0.054347824,0.07065217,0.08695652,0.05978261,0.032608695,0.032608695,0.0054347827,0.02173913,0.016304348,eff
0.009569378,0.07177033,0.07416268,0.057416268,0.08373206,0.12440191,0.028708134,0.057416268,0.040669855,0.059808612,0.0645933,0.023923445,0.023923445,0.040669855,0.050239235,0.045454547,0.043062203,0.028708134,0.057416268,0.014354067,eff
0.025688073,0.06788991,0.108256884,0.051376145,0.07155963,0.051376145,0.056880735,0.056880735,0.07339449,0.042201836,0.027522936,0.034862384,0.08256881,0.06422018,0.049541283,0.025688073,0.055045873,0.042201836,0.005504587,0.0073394496,eff
0.018461538,0.08615384,0.10461538,0.07076923,0.064615384,0.04307692,0.04307692,0.04923077,0.018461538,0.07692308,0.055384614,0.04307692,0.055384614,0.07692308,0.036923077,0.04,0.04307692,0.024615385,0.018461538,0.03076923,eff
0.015404365,0.094993584,0.050064184,0.088575095,0.068035945,0.062901154,0.06546855,0.037227213,0.05648267,0.062901154,0.068035945,0.068035945,0.05263158,0.050064184,0.033376124,0.046213094,0.029525032,0.011553274,0.032092426,0.006418485,eff
0.011764706,0.06352941,0.07764706,0.03529412,0.11058824,0.12705882,0.06352941,0.075294115,0.056470588,0.018823529,0.051764704,0.065882355,0.09647059,0.02117647,0.049411766,0.037647057,0.004705882,0.016470589,0.011764706,0.004705882,eff
0.031914894,0.07446808,0.08510638,0.010638298,0.05319149,0.03723404,0.07978723,0.07446808,0.10106383,0.11170213,0.06382979,0.010638298,0.047872342,0.05851064,0.06382979,0.031914894,0.010638298,0.015957447,0.03723404,eff
0.021961933,0.11713031,0.08199122,0.055636898,0.023426061,0.033674963,0.08052709,0.045387994,0.033674963,0.07027818,0.05124451,0.057101026,0.058565155,0.043923866,0.042459738,0.04831625,0.060029283,0.04099561,0.0043923864,0.029282577,eff
0.02617801,0.066317625,0.034904014,0.092495635,0.09598604,0.041884817,0.034904014,0.12041885,0.05235602,0.07678883,0.07155323,0.033158813,0.012216405,0.059336822,0.02617801,0.008726004,0.059336822,0.033158813,0.04886562,0.005235602,eff
0.037037037,0.08148148,0.14074074,0.05185185,0.05185185,0.02962963,0.074074075,0.08888889,0.074074075,0.05925926,0.05925926,0.02962963,0.044444446,0.014814815,0.037037037,0.02962963,0.044444446,0.022222223,0.014814815,0.014814815,eff
0.028,0.088,0.052,0.068,0.044,0.024,0.156,0.048,0.032,0.048,0.012,0.056,0.06,0.036,0.076,0.06,0.024,0.032,0.028,0.028,eff
0.017372422,0.082519,0.067318134,0.05646037,0.104234524,0.07057546,0.06297503,0.058631923,0.07166124,0.034744844,0.024972856,0.05103149,0.021715527,0.072747014,0.045602605,0.042345278,0.05646037,0.0130293155,0.040173724,0.005428882,eff
0.006543075,0.044711012,0.07197383,0.053435113,0.07088332,0.10250818,0.0348964,0.09378408,0.041439477,0.040348966,0.007633588,0.035986915,0.097055614,0.02181025,0.0348964,0.05452563,0.05561614,0.04798255,0.075245366,0.0087241,eff
0.071428575,0.084415585,0.058441557,0.032467533,0.012987013,0.12987013,0.077922076,0.025974026,0.038961038,0.019480519,0.077922076,0.13636364,0.032467533,0.019480519,0.0064935065,0.025974026,0.064935066,0.038961038,0.038961038,0.0064935065,eff
0.031847134,0.070063695,0.033970278,0.036093418,0.03821656,0.08280255,0.036093418,0.023354564,0.08067941,0.10615711,0.061571125,0.061571125,0.055201698,0.06369427,0.053078555,0.055201698,0.050955415,0.042462844,0.012738854,0.0042462847,eff
0.024830699,0.08352145,0.04288939,0.047404062,0.058690745,0.06094808,0.051918738,0.03837472,0.06546275,0.08577878,0.036117382,0.054176074,0.03837472,0.058690745,0.072234765,0.045146726,0.07674944,0.036117382,0.0112866815,0.0112866815,eff
0.015789473,0.04842105,0.091578946,0.034736842,0.06842105,0.107368425,0.018947368,0.08421053,0.062105265,0.055789474,0.047368422,0.044210527,0.055789474,0.044210527,0.03368421,0.06526316,0.06,0.005263158,0.05263158,0.004210526,eff
0.02631579,0.065789476,0.05263158,0.02631579,0.05263158,0.059210528,0.065789476,0.05263158,0.065789476,0.10526316,0.065789476,0.04605263,0.059210528,0.059210528,0.07236842,0.05263158,0.039473683,0.02631579,0.0065789474,eff
0.014124294,0.076271184,0.08757062,0.059322033,0.036723163,0.09322034,0.073446326,0.048022598,0.042372882,0.053672317,0.08192091,0.06497175,0.036723163,0.03954802,0.056497175,0.042372882,0.048022598,0.028248588,0.011299435,0.0056497175,eff
0.021840874,0.024960998,0.049921997,0.037441496,0.048361935,0.060842432,0.10920437,0.08892356,0.07176287,0.060842432,0.04524181,0.05928237,0.07332293,0.062402494,0.024960998,0.060842432,0.03900156,0.03900156,0.014040561,0.007800312,eff
0.020179372,0.058295965,0.08520179,0.07174888,0.06726457,0.11659193,0.038116593,0.03587444,0.10538117,0.044843048,0.06726457,0.00896861,0.02690583,0.05381166,0.05381166,0.00896861,0.01793722,0.060538117,0.033632286,0.024663677,eff
0.018394649,0.050167225,0.051839463,0.09364548,0.06354515,0.013377926,0.080267556,0.075250834,0.06688963,0.055183947,0.08528428,0.055183947,0.053511705,0.06354515,0.033444814,0.033444814,0.013377926,0.030100334,0.04682274,0.016722407,eff
0.024390243,0.06910569,0.06097561,0.1097561,0.08130081,0.028455285,0.08943089,0.036585364,0.093495935,0.024390243,0.016260162,0.040650405,0.040650405,0.048780486,0.05691057,0.05284553,0.048780486,0.048780486,0.020325202,0.008130081,eff
0.029411765,0.04738562,0.057189543,0.055555556,0.078431375,0.04248366,0.08986928,0.055555556,0.029411765,0.04411765,0.06535948,0.029411765,0.10620915,0.062091503,0.04901961,0.026143791,0.07026144,0.008169935,0.017973857,0.035947714,eff
0.027027028,0.08108108,0.054054055,0.05945946,0.1027027,0.07027027,0.032432433,0.075675674,0.048648648,0.07027027,0.048648648,0.075675674,0.054054055,0.037837837,0.016216217,0.016216217,0.048648648,0.027027028,0.010810811,0.043243244,eff
0.027027028,0.08880309,0.06177606,0.06177606,0.0077220076,0.019305019,0.034749035,0.027027028,0.11969112,0.07335907,0.08494209,0.019305019,0.042471044,0.08494209,0.06177606,0.08494209,0.042471044,0.034749035,0.019305019,0.0038610038,eff
0.017482517,0.09440559,0.031468533,0.05944056,0.03846154,0.066433564,0.12587413,0.05944056,0.04895105,0.062937066,0.045454547,0.052447554,0.02097902,0.04195804,0.062937066,0.03846154,0.045454547,0.031468533,0.045454547,0.01048951,eff
0.02772074,0.02566735,0.099589325,0.042094454,0.10574949,0.047227927,0.046201233,0.078028746,0.026694044,0.049281314,0.114989735,0.057494868,0.050308008,0.052361395,0.054414783,0.06057495,0.009240246,0.02053388,0.02566735,0.0061601643,eff
0.02255639,0.05263158,0.06390978,0.067669176,0.018796992,0.09774436,0.05639098,0.05639098,0.041353382,0.04887218,0.011278195,0.05639098,0.033834588,0.04511278,0.04887218,0.037593983,0.078947365,0.041353382,0.071428575,0.04887218,eff
0.029953917,0.05299539,0.050691243,0.05529954,0.043778803,0.039170507,0.06912442,0.09447005,0.10368664,0.062211983,0.115207374,0.032258064,0.043778803,0.04608295,0.041474655,0.03686636,0.039170507,0.013824885,0.029953917,eff
0.015151516,0.060606062,0.11363637,0.07575758,0.053030305,0.053030305,0.060606062,0.045454547,0.12878788,0.03787879,0.03787879,0.06818182,0.07575758,0.06818182,0.007575758,0.03787879,0.022727273,0.03787879,eff
0.012096774,0.0577957,0.059139784,0.06317204,0.05107527,0.048387095,0.06854839,0.0094086025,0.11962365,0.04704301,0.07795699,0.041666668,0.055107526,0.07526882,0.055107526,0.04032258,0.041666668,0.033602152,0.030913979,0.012096774,eff
0.02027027,0.067567565,0.07882883,0.045045044,0.067567565,0.1554054,0.074324325,0.027027028,0.0518018,0.056306306,0.0472973,0.06306306,0.033783782,0.033783782,0.022522522,0.009009009,0.0472973,0.0472973,0.02027027,0.03153153,eff
0.031847134,0.070063695,0.07643312,0.05732484,0.12738854,0.050955415,0.0955414,0.0955414,0.025477707,0.050955415,0.025477707,0.03821656,0.01910828,0.050955415,0.031847134,0.03821656,0.031847134,0.025477707,0.006369427,0.050955415,eff
0.018390805,0.07816092,0.07816092,0.07586207,0.093103446,0.04712644,0.072413795,0.064367816,0.05172414,0.057471264,0.04597701,0.05172414,0.055172414,0.025287356,0.035632186,0.048275862,0.035632186,0.04712644,0.010344828,0.008045977,eff
0.017441861,0.11627907,0.08139535,0.046511628,0.040697675,0.040697675,0.12209302,0.034883723,0.058139537,0.05232558,0.058139537,0.023255814,0.08139535,0.05232558,0.06395349,0.017441861,0.023255814,0.011627907,0.029069768,0.029069768,eff
0.028248588,0.06779661,0.0433145,0.07909604,0.04519774,0.04708098,0.03954802,0.09981167,0.07156309,0.041431263,0.08097929,0.0037664783,0.033898305,0.02636535,0.06779661,0.050847456,0.009416196,0.030131826,0.073446326,0.060263652,eff
0.014473684,0.06710526,0.032894738,0.030263158,0.035526317,0.078947365,0.1486842,0.038157895,0.05657895,0.09342105,0.094736844,0.036842104,0.039473683,0.06842105,0.05,0.028947368,0.028947368,0.043421052,0.007894737,0.005263158,eff
0.02060932,0.03673835,0.07795699,0.04032258,0.05734767,0.068996415,0.09408602,0.061827958,0.054659497,0.039426524,0.01344086,0.04121864,0.07706093,0.05734767,0.05734767,0.044802867,0.04121864,0.055555556,0.050179213,0.009856631,eff
0.027729636,0.10051993,0.055459272,0.05372617,0.036395147,0.05372617,0.050259966,0.027729636,0.081455804,0.024263432,0.102253035,0.060658578,0.091854416,0.03812825,0.025996534,0.05372617,0.05199307,0.058925476,0.0034662045,0.0017331023,eff
0.018867925,0.094339624,0.06918239,0.0754717,0.08176101,0.06918239,0.10062893,0.06918239,0.11320755,0.018867925,0.025157232,0.12578617,0.031446543,0.031446543,0.018867925,0.012578616,0.018867925,0.018867925,0.006289308,eff
0.024761904,0.07238095,0.053333335,0.068571426,0.03047619,0.114285715,0.05142857,0.055238094,0.055238094,0.053333335,0.055238094,0.04761905,0.057142857,0.036190476,0.04761905,0.034285713,0.05904762,0.06476191,0.011428571,0.0076190475,eff
0.018656716,0.03731343,0.052238807,0.09701493,0.0858209,0.029850746,0.052238807,0.03731343,0.13432837,0.052238807,0.04477612,0.04477612,0.1119403,0.03358209,0.07089552,0.026119404,0.03358209,0.02238806,0.014925373,eff
0.027777778,0.02991453,0.08974359,0.0491453,0.014957265,0.03846154,0.0491453,0.027777778,0.10683761,0.047008548,0.025641026,0.012820513,0.023504274,0.072649576,0.14102565,0.05982906,0.05982906,0.051282052,0.061965812,0.010683761,eff
0.022821577,0.033195022,0.06846473,0.056016598,0.026970955,0.047717843,0.12655602,0.060165975,0.024896266,0.05394191,0.093361,0.033195022,0.047717843,0.041493777,0.03526971,0.016597511,0.026970955,0.093361,0.049792532,0.041493777,eff
0.019847328,0.13740458,0.04427481,0.029007634,0.05648855,0.07328244,0.013740458,0.07175572,0.07328244,0.048854962,0.039694656,0.05038168,0.05038168,0.07938931,0.029007634,0.019847328,0.033587787,0.03206107,0.053435113,0.04427481,eff
0.05952381,0.04761905,0.08928572,0.035714287,0.04761905,0.10119048,0.041666668,0.029761905,0.05357143,0.05357143,0.05952381,0.029761905,0.16071428,0.023809524,0.071428575,0.065476194,0.005952381,0.023809524,eff
0.022304833,0.03345725,0.039033458,0.07063197,0.08550186,0.12081785,0.07992565,0.0873606,0.059479553,0.027881041,0.016728625,0.055762082,0.039033458,0.08178439,0.035315987,0.055762082,0.048327137,0.027881041,0.0055762082,0.007434944,eff
0.023952097,0.08682635,0.04491018,0.056886226,0.038922157,0.1017964,0.056886226,0.029940119,0.047904193,0.1017964,0.07185629,0.032934133,0.0748503,0.032934133,0.020958085,0.06287425,0.047904193,0.047904193,0.011976048,0.005988024,eff
0.015873017,0.0063492064,0.08095238,0.071428575,0.08730159,0.08888889,0.034920637,0.06666667,0.082539685,0.04920635,0.044444446,0.05873016,0.042857144,0.026984127,0.044444446,0.06031746,0.06349207,0.042857144,0.0063492064,0.025396826,eff
0.024,0.064,0.04,0.096,0.096,0.016,0.064,0.064,0.088,0.032,0.024,0.056,0.112,0.088,0.032,0.024,0.04,0.024,0.016,eff
0.022687608,0.06980803,0.029668411,0.05410122,0.14136125,0.07329843,0.036649216,0.04363002,0.04363002,0.061082024,0.07155323,0.092495635,0.09598604,0.036649216,0.017452007,0.03141361,0.05235602,0.010471204,0.013961606,0.0017452007,eff
0.011329305,0.07703927,0.05287009,0.14728096,0.056646526,0.08081571,0.037009064,0.033987917,0.057401814,0.028700907,0.06570997,0.0581571,0.03776435,0.05362538,0.016616315,0.049093656,0.0407855,0.04003021,0.044561934,0.010574019,eff
0.027444255,0.10977702,0.02058319,0.051457975,0.0703259,0.05317324,0.073756434,0.018867925,0.048027445,0.087478556,0.04974271,0.056603774,0.06174957,0.0754717,0.034305315,0.03773585,0.039451115,0.066895366,0.012006861,0.0051457975,eff
0.038800705,0.019400353,0.11463845,0.10229277,0.03527337,0.07054674,0.0723104,0.081128746,0.06878307,0.05820106,0.029982364,0.017636685,0.04585538,0.061728396,0.031746034,0.040564373,0.026455026,0.049382716,0.028218694,0.0070546735,eff
0.021929825,0.031798247,0.040570177,0.04605263,0.06140351,0.073464915,0.059210528,0.031798247,0.05592105,0.028508771,0.078947365,0.057017542,0.06140351,0.0625,0.08991228,0.065789476,0.031798247,0.08991228,0.005482456,0.0065789474,eff
0.034313727,0.0882353,0.034313727,0.078431375,0.12254902,0.014705882,0.04901961,0.05882353,0.024509804,0.05392157,0.009803922,0.05392157,0.04411765,0.034313727,0.05882353,0.073529415,0.05882353,0.039215688,0.04901961,0.019607844,eff
0.018779343,0.03521127,0.09154929,0.06807512,0.028169014,0.0093896715,0.07746479,0.039906103,0.096244134,0.037558686,0.061032865,0.06807512,0.014084507,0.049295776,0.08215962,0.028169014,0.04225352,0.065727696,0.051643193,0.03521127,eff
0.01927195,0.13490364,0.08137045,0.0620985,0.0385439,0.059957173,0.040685225,0.07066381,0.02783726,0.05567452,0.040685225,0.051391862,0.06638116,0.059957173,0.0770878,0.032119915,0.051391862,0.00856531,0.012847966,0.00856531,eff
0.011342155,0.037807185,0.054820415,0.04347826,0.04914934,0.06994329,0.039697543,0.056710776,0.062381852,0.06427221,0.10964083,0.039697543,0.08128545,0.08695652,0.06427221,0.04536862,0.04536862,0.007561437,0.018903593,0.011342155,eff
0.02610966,0.041775458,0.057441253,0.06527415,0.1305483,0.028720627,0.036553524,0.05221932,0.06005222,0.044386424,0.07310705,0.075718015,0.03133159,0.07049608,0.03916449,0.044386424,0.05221932,0.023498695,0.044386424,0.002610966,eff
0.016073478,0.037887484,0.10907003,0.043628015,0.07921929,0.058553386,0.07577497,0.05970149,0.040183697,0.056257177,0.070034444,0.05510907,0.0608496,0.029850746,0.043628015,0.05281286,0.050516646,0.043628015,0.012629162,0.0045924224,eff
0.026595745,0.07978723,0.10638298,0.026595745,0.047872342,0.047872342,0.047872342,0.015957447,0.11702128,0.06382979,0.069148935,0.05851064,0.04255319,0.06382979,0.07978723,0.021276595,0.005319149,0.04255319,0.021276595,0.015957447,eff
0.025423728,0.06991526,0.042372882,0.025423728,0.050847456,0.06991526,0.059322033,0.04661017,0.074152544,0.044491526,0.11228813,0.019067796,0.08898305,0.042372882,0.061440676,0.061440676,0.044491526,0.05720339,0.004237288,eff
0.04017857,0.06696428,0.09375,0.10714286,0.05357143,0.084821425,0.026785715,0.05357143,0.08035714,0.058035713,0.008928572,0.058035713,0.03125,0.026785715,0.08035714,0.04464286,0.026785715,0.026785715,0.03125,eff
0.021505376,0.043010753,0.048387095,0.07258064,0.034946237,0.16129032,0.048387095,0.02688172,0.024193548,0.07258064,0.029569892,0.11021505,0.059139784,0.08064516,0.05376344,0.048387095,0.016129032,0.01344086,0.021505376,0.01344086,eff
0.029045643,0.08713693,0.05394191,0.045643155,0.07883818,0.012448133,0.066390045,0.08713693,0.05394191,0.049792532,0.07883818,0.05394191,0.062240664,0.008298756,0.033195022,0.0373444,0.058091287,0.029045643,0.07053942,0.004149378,eff
0.01369863,0.09315068,0.057534248,0.07945205,0.03287671,0.06575342,0.07945205,0.043835618,0.043835618,0.076712325,0.073972605,0.063013695,0.057534248,0.057534248,0.03287671,0.038356163,0.01369863,0.030136986,0.01369863,0.03287671,eff
0.032448377,0.05899705,0.01179941,0.020648967,0.053097345,0.050147492,0.10324484,0.100294985,0.056047197,0.056047197,0.04719764,0.03539823,0.13569322,0.017699115,0.056047197,0.07964602,0.0088495575,0.03539823,0.0088495575,0.032448377,eff
0.015625,0.078125,0.04296875,0.0859375,0.1015625,0.0078125,0.03515625,0.109375,0.08984375,0.04296875,0.0625,0.0234375,0.0546875,0.03125,0.04296875,0.04296875,0.05859375,0.0234375,0.046875,0.00390625,eff
0.021428572,0.023469388,0.08061224,0.03265306,0.092857145,0.07755102,0.0622449,0.05510204,0.04489796,0.08061224,0.11632653,0.04387755,0.054081634,0.047959182,0.053061225,0.029591836,0.03877551,0.026530612,0.006122449,0.012244898,eff
0.036072146,0.06012024,0.06412826,0.068136275,0.0761523,0.05210421,0.10621242,0.04208417,0.012024048,0.04809619,0.08216433,0.03206413,0.0761523,0.024048096,0.04809619,0.0501002,0.046092186,0.026052104,0.044088177,0.006012024,eff
0.027777778,0.13095239,0.051587302,0.035714287,0.06746032,0.035714287,0.035714287,0.07936508,0.043650795,0.083333336,0.043650795,0.06746032,0.043650795,0.06746032,0.011904762,0.06349207,0.06349207,0.01984127,0.007936508,0.01984127,eff
0.027972028,0.031468533,0.073426574,0.034965035,0.04195804,0.09090909,0.07692308,0.10489511,0.052447554,0.073426574,0.07692308,0.024475524,0.031468533,0.066433564,0.045454547,0.03846154,0.0034965035,0.04195804,0.031468533,0.031468533,eff
0.012048192,0.044176705,0.13253012,0.02811245,0.10040161,0.084337346,0.04819277,0.016064256,0.07630522,0.04819277,0.060240965,0.11646587,0.036144577,0.06827309,0.02008032,0.032128513,0.016064256,0.012048192,0.012048192,0.036144577,eff
0.01146789,0.08486239,0.055045873,0.05733945,0.06880734,0.07339449,0.09174312,0.04357798,0.061926607,0.04587156,0.05733945,0.050458714,0.050458714,0.06651376,0.052752294,0.016055046,0.03211009,0.006880734,0.055045873,0.018348623,eff
0.015075377,0.03517588,0.07035176,0.11557789,0.07035176,0.07537688,0.07035176,0.06532663,0.03517588,0.040201005,0.08040201,0.06030151,0.08040201,0.050251257,0.03517588,0.030150754,0.030150754,0.03517588,0.0050251256,eff
0.017045455,0.051136363,0.08522727,0.045454547,0.07386363,0.039772727,0.07386363,0.10795455,0.06818182,0.09090909,0.06818182,0.039772727,0.06818182,0.028409092,0.022727273,0.022727273,0.028409092,0.022727273,0.045454547,eff
0.024038462,0.072115384,0.0625,0.067307696,0.072115384,0.08173077,0.086538464,0.0625,0.014423077,0.03846154,0.0625,0.0048076925,0.072115384,0.043269232,0.067307696,0.043269232,0.07692308,0.009615385,0.033653848,0.0048076925,eff
0.0028409092,0.09659091,0.06534091,0.10795455,0.051136363,0.048295453,0.022727273,0.048295453,0.045454547,0.06818182,0.07954545,0.051136363,0.025568182,0.051136363,0.048295453,0.036931816,0.048295453,0.019886363,0.042613637,0.039772727,eff
0.015625,0.02734375,0.06640625,0.10546875,0.08203125,0.07421875,0.12890625,0.04296875,0.0625,0.06640625,0.0390625,0.05859375,0.05078125,0.0703125,0.03515625,0.03125,0.01953125,0.0234375,eff
0.028806584,0.016460905,0.09053498,0.0781893,0.020576132,0.086419754,0.086419754,0.074074075,0.0781893,0.115226336,0.061728396,0.024691358,0.0781893,0.057613168,0.037037037,0.037037037,0.024691358,0.004115226,eff
0.031120332,0.0746888,0.06846473,0.097510375,0.08713693,0.10995851,0.05186722,0.016597511,0.047717843,0.060165975,0.047717843,0.041493777,0.03526971,0.05186722,0.041493777,0.029045643,0.012448133,0.049792532,0.0373444,0.008298756,eff
0.042016808,0.075630255,0.042016808,0.09243698,0.11764706,0.067226894,0.008403362,0.05882353,0.042016808,0.084033616,0.016806724,0.033613447,0.042016808,0.025210084,0.1092437,0.05882353,0.016806724,0.033613447,0.033613447,eff
0.016638935,0.04326123,0.03826955,0.056572378,0.009983361,0.04326123,0.054908484,0.051580697,0.08652246,0.064891845,0.11980033,0.059900165,0.07321131,0.054908484,0.046589017,0.046589017,0.018302828,0.046589017,0.046589017,0.021630615,eff
0.016908212,0.060386475,0.055555556,0.077294685,0.041062802,0.14009662,0.08937198,0.038647342,0.060386475,0.041062802,0.026570048,0.053140096,0.009661836,0.053140096,0.016908212,0.08695652,0.009661836,0.04589372,0.04589372,0.031400967,eff
0.017045455,0.09090909,0.022727273,0.014204546,0.036931816,0.08522727,0.051136363,0.09090909,0.08238637,0.06818182,0.07386363,0.07386363,0.07102273,0.0625,0.042613637,0.053977273,0.028409092,0.022727273,0.0056818184,0.0056818184,eff
0.0040816325,0.07755102,0.07755102,0.04489796,0.040816326,0.057142857,0.12653062,0.073469386,0.118367344,0.028571429,0.036734693,0.11020408,0.053061225,0.024489796,0.028571429,0.024489796,0.053061225,0.008163265,0.008163265,0.0040816325,eff
0.017167382,0.045779686,0.11158799,0.13304721,0.084406294,0.07582261,0.094420604,0.03576538,0.03862661,0.012875536,0.061516453,0.031473532,0.03576538,0.051502146,0.042918455,0.005722461,0.042918455,0.045779686,0.008583691,0.024320457,eff
0.020642202,0.06651376,0.059633028,0.03440367,0.09174312,0.07568807,0.07339449,0.119266056,0.050458714,0.050458714,0.06880734,0.052752294,0.03440367,0.029816514,0.04357798,0.050458714,0.016055046,0.016055046,0.04587156,eff
0.016281063,0.04798629,0.10111397,0.08483291,0.023993146,0.042844903,0.077977724,0.09854327,0.062553555,0.035989717,0.059125964,0.06598115,0.059982862,0.050556984,0.053127676,0.018851757,0.042844903,0.005141388,0.050556984,0.001713796,eff
0.0124223605,0.0062111802,0.08695652,0.031055901,0.024844721,0.08695652,0.0062111802,0.0062111802,0.062111802,0.111801244,0.04347826,0.024844721,0.07453416,0.031055901,0.13043478,0.0931677,0.08695652,0.049689442,0.01863354,0.0124223605,eff
0.023809524,0.065476194,0.026785715,0.1279762,0.110119045,0.026785715,0.0952381,0.04464286,0.0625,0.011904762,0.041666668,0.05059524,0.038690478,0.104166664,0.04761905,0.04464286,0.035714287,0.014880952,0.026785715,eff
0.016369049,0.04315476,0.017857144,0.0952381,0.04761905,0.09970238,0.07440476,0.0639881,0.02827381,0.06994048,0.08928572,0.116071425,0.035714287,0.026785715,0.058035713,0.04315476,0.04761905,0.020833334,0.004464286,0.0014880953,eff
0.02202643,0.066079296,0.10279001,0.091042586,0.07048458,0.09985316,0.07488987,0.07929515,0.06754772,0.08957416,0.051395006,0.027900146,0.020558003,0.02202643,0.057268724,0.026431719,0.019089574,0.007342144,0.004405286,eff
0.028301887,0.061320756,0.0754717,0.03301887,0.08018868,0.023584906,0.070754714,0.056603774,0.061320756,0.08962264,0.03773585,0.06603774,0.0754717,0.04245283,0.0754717,0.051886793,0.03773585,0.028301887,0.004716981,eff
0.0273752,0.088566825,0.09822866,0.078904994,0.08695652,0.072463766,0.049919486,0.061191626,0.037037037,0.048309177,0.062801935,0.05152979,0.025764896,0.064412236,0.035426732,0.022544283,0.056360707,0.019323671,0.009661836,0.003220612,eff
0.013513514,0.04054054,0.0777027,0.067567565,0.06418919,0.033783782,0.016891891,0.11824324,0.091216214,0.10472973,0.067567565,0.04054054,0.0777027,0.013513514,0.054054055,0.016891891,0.033783782,0.02364865,0.027027028,0.016891891,eff
0.01236476,0.13060278,0.064914994,0.02472952,0.08037094,0.04095827,0.11591963,0.11360124,0.02782071,0.033230294,0.03786708,0.048686244,0.051777434,0.07187017,0.03477589,0.020092735,0.061823804,0.0054095825,0.017001545,0.00618238,eff
0.02310231,0.052805282,0.08580858,0.06930693,0.04620462,0.04620462,0.06270627,0.09240924,0.06270627,0.07590759,0.0330033,0.05610561,0.0330033,0.07590759,0.026402641,0.05610561,0.04950495,0.01980198,0.026402641,0.0066006603,eff
0.035971224,0.043165468,0.0647482,0.07913669,0.07913669,0.07913669,0.07194245,0.0647482,0.0647482,0.02877698,0.01438849,0.0647482,0.05035971,0.0647482,0.05035971,0.07194245,0.035971224,0.021582734,0.007194245,0.007194245,eff
0.017977528,0.10382023,0.026966292,0.051235955,0.06921348,0.09348314,0.033707865,0.11101124,0.05977528,0.06337079,0.0035955056,0.03820225,0.077752806,0.01977528,0.041797753,0.05752809,0.04224719,0.03955056,0.04674157,0.002247191,eff
0.014705882,0.04779412,0.05514706,0.066176474,0.022058824,0.10294118,0.04779412,0.040441178,0.036764707,0.106617644,0.066176474,0.011029412,0.05514706,0.073529415,0.06985294,0.025735294,0.040441178,0.036764707,0.014705882,0.066176474,eff
0.024570024,0.049140047,0.03685504,0.06388206,0.083538085,0.049140047,0.034398034,0.06633907,0.12776412,0.07125307,0.03931204,0.022113021,0.046683047,0.041769043,0.07862408,0.06879607,0.02948403,0.054054055,0.012285012,eff
0.017441861,0.046511628,0.069767445,0.011627907,0.040697675,0.06395349,0.08139535,0.05232558,0.10465116,0.034883723,0.12790698,0.034883723,0.058139537,0.029069768,0.046511628,0.06395349,0.029069768,0.058139537,0.017441861,0.011627907,eff
0.024390243,0.13937283,0.08362369,0.048780486,0.080139376,0.08362369,0.05226481,0.048780486,0.05574913,0.027874565,0.05226481,0.020905923,0.05574913,0.013937282,0.041811846,0.05574913,0.038327526,0.05226481,0.006968641,0.017421603,eff
0.026092628,0.05022831,0.09589041,0.025440313,0.05022831,0.07436399,0.05609915,0.09784736,0.06523157,0.050880626,0.021526419,0.07371168,0.058708414,0.03196347,0.040443573,0.07632094,0.046314415,0.0456621,0.0058708414,0.007175473,eff
0.014164306,0.0028328612,0.04249292,0.059490085,0.033994336,0.13314448,0.07932011,0.07365439,0.07932011,0.016997168,0.031161472,0.065155804,0.101983,0.036827195,0.033994336,0.05382436,0.02266289,0.031161472,0.05382436,0.033994336,eff
0.020895522,0.12537314,0.07164179,0.058208954,0.025373135,0.041791044,0.02835821,0.08059701,0.08059701,0.046268657,0.03731343,0.06119403,0.05970149,0.035820894,0.013432836,0.03880597,0.0089552235,0.04328358,0.06268657,0.05970149,eff
0.033797216,0.027833002,0.06759443,0.09542744,0.08349901,0.06958251,0.05367793,0.077534795,0.06163022,0.06163022,0.071570575,0.041749503,0.041749503,0.059642147,0.043737575,0.041749503,0.027833002,0.027833002,0.003976143,0.007952286,eff
0.030303031,0.030303031,0.038961038,0.038961038,0.07359307,0.056277055,0.06926407,0.103896104,0.064935066,0.064935066,0.04761905,0.04761905,0.116883114,0.017316017,0.06926407,0.038961038,0.034632035,0.025974026,0.021645023,0.008658009,eff
0.022522522,0.04054054,0.04954955,0.1051051,0.067567565,0.076576576,0.066066064,0.11111111,0.03153153,0.06006006,0.072072074,0.058558557,0.039039038,0.04804805,0.006006006,0.03003003,0.021021022,0.054054055,0.028528528,0.012012012,eff
0.031496063,0.023622047,0.047244094,0.062992126,0.11811024,0.03937008,0.047244094,0.031496063,0.031496063,0.08661418,0.11023622,0.09448819,0.03937008,0.031496063,0.062992126,0.047244094,0.070866145,0.015748031,0.007874016,eff
0.009090909,0.095454544,0.022727273,0.07727273,0.11818182,0.05909091,0.05909091,0.05,0.10454545,0.022727273,0.06818182,0.054545455,0.03181818,0.036363635,0.045454547,0.07727273,0.03181818,0.036363635,eff
0.024221454,0.055363324,0.013840831,0.11764706,0.05882353,0.062283736,0.038062282,0.06920415,0.048442908,0.11418685,0.10380623,0.034602076,0.017301038,0.04152249,0.017301038,0.065743946,0.048442908,0.024221454,0.017301038,0.027681662,eff
0.035377357,0.04481132,0.06603774,0.058962263,0.04009434,0.07311321,0.08254717,0.04009434,0.07783019,0.03773585,0.030660378,0.061320756,0.058962263,0.0495283,0.12264151,0.021226415,0.04245283,0.009433962,0.04245283,0.004716981,eff
0.016447369,0.10197368,0.0032894737,0.07236842,0.04605263,0.08552632,0.088815786,0.059210528,0.069078945,0.0756579,0.009868421,0.032894738,0.03618421,0.039473683,0.059210528,0.049342107,0.05263158,0.032894738,0.03618421,0.032894738,eff
0.013850415,0.030470913,0.033240996,0.077562325,0.11634349,0.06371191,0.32132965,0.06925208,0.06925208,0.022160664,0.024930747,0.083102494,0.016620498,0.033240996,0.008310249,0.002770083,0.008310249,0.005540166,eff
0.024242423,0.060606062,0.046464648,0.08080808,0.084848486,0.05050505,0.046464648,0.09494949,0.056565657,0.028282829,0.018181818,0.056565657,0.044444446,0.042424243,0.038383838,0.044444446,0.062626265,0.056565657,0.018181818,0.044444446,eff
0.04032258,0.05645161,0.048387095,0.03629032,0.048387095,0.10080645,0.06048387,0.088709675,0.09274194,0.04032258,0.06048387,0.048387095,0.06048387,0.08467742,0.048387095,0.012096774,0.024193548,0.024193548,0.024193548,eff
0.010230179,0.0741688,0.061381076,0.06905371,0.07672634,0.05370844,0.06393862,0.0741688,0.051150896,0.035805628,0.040920716,0.056265984,0.040920716,0.05882353,0.051150896,0.030690538,0.0051150895,0.06649616,0.06393862,0.015345269,eff
0.014577259,0.052478135,0.09620991,0.110787176,0.04956268,0.06122449,0.017492712,0.040816326,0.04956268,0.072886296,0.113702625,0.04956268,0.058309037,0.026239067,0.037900876,0.0670554,0.017492712,0.046647232,0.002915452,0.014577259,eff
0.019021738,0.04347826,0.035326086,0.010869565,0.089673914,0.07336956,0.05706522,0.07608695,0.046195652,0.13315217,0.07336956,0.0625,0.04347826,0.04347826,0.046195652,0.054347824,0.04076087,0.029891305,0.008152174,0.013586956,eff
0.024621213,0.043560605,0.07575758,0.06439394,0.09659091,0.041666668,0.054924242,0.03409091,0.09090909,0.049242426,0.10227273,0.03409091,0.066287875,0.028409092,0.039772727,0.05871212,0.039772727,0.013257576,0.03787879,0.003787879,eff
0.021011673,0.0692607,0.06459144,0.09182879,0.05758755,0.0692607,0.11361868,0.045914397,0.027237354,0.04357977,0.050583657,0.06225681,0.06381323,0.042023346,0.0070038913,0.06070039,0.038910504,0.034241244,0.028015565,0.008560311,eff
0.015182186,0.12044534,0.12854251,0.0354251,0.034412954,0.06477733,0.058704454,0.042510122,0.046558704,0.081983805,0.042510122,0.07692308,0.0597166,0.027327936,0.048582997,0.034412954,0.050607286,0.016194332,0.011133603,0.004048583,eff
0.03255814,0.055813953,0.055813953,0.11627907,0.046511628,0.037209302,0.023255814,0.018604651,0.05116279,0.069767445,0.055813953,0.046511628,0.05116279,0.060465116,0.055813953,0.093023255,0.060465116,0.018604651,0.046511628,0.004651163,eff
0.009677419,0.07096774,0.048387095,0.029032258,0.061290324,0.048387095,0.103225805,0.074193545,0.012903226,0.077419356,0.045161292,0.032258064,0.06774194,0.074193545,0.09677419,0.019354839,0.06451613,0.019354839,0.029032258,0.016129032,eff
0.01980198,0.05940594,0.10891089,0.06930693,0.10891089,0.01980198,0.03960396,0.0990099,0.0990099,0.02970297,0.02970297,0.089108914,0.02970297,0.03960396,0.07920792,0.01980198,0.03960396,0.00990099,0.00990099,eff
0.02354788,0.07535322,0.04709576,0.06122449,0.13343799,0.051805336,0.03767661,0.042386185,0.10361067,0.0455259,0.09262166,0.026687598,0.04709576,0.039246466,0.043956045,0.05023548,0.03610675,0.01255887,0.0094191525,0.020408163,eff
0.032490976,0.09386282,0.07220217,0.0433213,0.07220217,0.010830325,0.0433213,0.07581227,0.050541516,0.06498195,0.050541516,0.09747292,0.032490976,0.025270758,0.039711192,0.039711192,0.039711192,0.04693141,0.025270758,0.0433213,eff
0.017064847,0.092150174,0.06484642,0.030716723,0.051194537,0.044368602,0.044368602,0.07167236,0.040955633,0.044368602,0.0784983,0.088737205,0.04778157,0.04778157,0.040955633,0.054607507,0.0068259384,0.061433446,0.06825939,0.0034129692,eff
0.030612245,0.030612245,0.10204082,0.06632653,0.071428575,0.045918368,0.08163265,0.040816326,0.1122449,0.045918368,0.08163265,0.030612245,0.020408163,0.05612245,0.05102041,0.05612245,0.025510205,0.030612245,0.020408163,eff
0.020151133,0.08312342,0.050377835,0.017632242,0.07304786,0.078085646,0.032745592,0.01511335,0.012594459,0.08060453,0.06297229,0.06297229,0.065491185,0.050377835,0.06297229,0.052896727,0.040302265,0.037783377,0.0604534,0.040302265,eff
0.01607717,0.08038585,0.048231512,0.035369776,0.048231512,0.03858521,0.118971065,0.057877813,0.096463025,0.006430868,0.06109325,0.057877813,0.08360129,0.06752411,0.048231512,0.028938906,0.06109325,0.003215434,0.022508038,0.019292604,eff
0.02909091,0.0072727273,0.06545454,0.05818182,0.087272726,0.06545454,0.054545455,0.04,0.06909091,0.094545454,0.083636366,0.05090909,0.05090909,0.087272726,0.021818181,0.061818182,0.014545455,0.036363635,0.0072727273,0.014545455,eff
0.01923077,0.11217949,0.022435898,0.012820513,0.035256412,0.07371795,0.03846154,0.035256412,0.08012821,0.06410257,0.048076924,0.06410257,0.048076924,0.028846154,0.044871796,0.125,0.041666668,0.044871796,0.057692308,0.0032051282,eff
0.00996016,0.10159363,0.067729086,0.109561756,0.067729086,0.08565737,0.06175299,0.053784862,0.07968128,0.04183267,0.043824703,0.09163347,0.029880479,0.037848607,0.003984064,0.025896415,0.023904383,0.0139442235,0.037848607,0.011952192,eff
0.014319809,0.06921241,0.042959426,0.062052507,0.047732696,0.040572792,0.014319809,0.07398568,0.050119333,0.102625296,0.00954654,0.09546539,0.031026253,0.035799522,0.07398568,0.100238666,0.062052507,0.028639618,0.028639618,0.016706444,eff
0.02688172,0.05645161,0.07795699,0.048387095,0.059139784,0.04032258,0.07258064,0.021505376,0.083333336,0.07258064,0.083333336,0.086021505,0.05107527,0.010752688,0.04032258,0.045698926,0.061827958,0.03763441,0.024193548,eff
0.01764706,0.03529412,0.08235294,0.014705882,0.064705886,0.07058824,0.04411765,0.05,0.07647059,0.052941177,0.03529412,0.09117647,0.052941177,0.07941177,0.052941177,0.052941177,0.061764706,0.03529412,0.029411765,eff
0.030303031,0.060606062,0.045454547,0.06818182,0.03787879,0.045454547,0.045454547,0.022727273,0.060606062,0.07575758,0.09848485,0.030303031,0.060606062,0.11363637,0.06818182,0.007575758,0.03787879,0.060606062,0.022727273,0.007575758,eff
0.021428572,0.07380953,0.06666667,0.026190476,0.054761905,0.09047619,0.0952381,0.026190476,0.0952381,0.042857144,0.030952381,0.054761905,0.057142857,0.026190476,0.06428572,0.06428572,0.030952381,0.035714287,0.035714287,0.007142857,eff
0.022875817,0.045751635,0.06535948,0.06535948,0.01633987,0.14052288,0.003267974,0.04901961,0.029411765,0.08496732,0.022875817,0.05882353,0.062091503,0.045751635,0.04901961,0.05882353,0.03267974,0.04901961,0.04248366,0.055555556,eff
0.027638191,0.032663316,0.022613065,0.09296482,0.047738694,0.03517588,0.06030151,0.06281407,0.06281407,0.030150754,0.032663316,0.010050251,0.050251257,0.040201005,0.14070351,0.09547739,0.0050251256,0.04522613,0.07035176,0.03517588,eff
0.02905569,0.026634382,0.036319613,0.07990315,0.10169491,0.03874092,0.07506053,0.070217915,0.07990315,0.10169491,0.046004843,0.031476997,0.046004843,0.043583535,0.055690072,0.06053269,0.06295399,0.0072639226,0.004842615,0.0024213076,eff
0.024213076,0.08232445,0.055690072,0.09927361,0.070217915,0.012106538,0.01937046,0.12832929,0.04842615,0.036319613,0.026634382,0.0024213076,0.070217915,0.0968523,0.08232445,0.053268764,0.033898305,0.02905569,0.0072639226,0.021791767,eff
0.015638575,0.041702867,0.11381408,0.069504775,0.12684622,0.025195483,0.086880974,0.042571675,0.0625543,0.08861859,0.07298002,0.022589052,0.027801912,0.043440487,0.052997395,0.021720244,0.047784533,0.026064292,0.006081668,0.0052128583,eff
0.023584906,0.08962264,0.051886793,0.018867925,0.061320756,0.06603774,0.06603774,0.0754717,0.0754717,0.03773585,0.094339624,0.070754714,0.051886793,0.03773585,0.056603774,0.04245283,0.061320756,0.009433962,0.009433962,eff
0.041493777,0.05394191,0.066390045,0.066390045,0.05394191,0.10373444,0.0746888,0.049792532,0.058091287,0.008298756,0.07053942,0.07053942,0.045643155,0.029045643,0.012448133,0.045643155,0.058091287,0.049792532,0.020746889,0.020746889,eff
0.022727273,0.06818182,0.022727273,0.07575758,0.053030305,0.06818182,0.083333336,0.053030305,0.09090909,0.07575758,0.030303031,0.03787879,0.07575758,0.045454547,0.022727273,0.022727273,0.045454547,0.045454547,0.022727273,0.03787879,eff
0.048780486,0.05487805,0.05487805,0.042682927,0.05487805,0.06097561,0.048780486,0.024390243,0.07926829,0.07317073,0.09756097,0.06097561,0.030487806,0.024390243,0.05487805,0.085365854,0.048780486,0.042682927,0.0060975607,0.0060975607,eff
0.012716763,0.09248555,0.10635838,0.06820809,0.07630058,0.06358381,0.03699422,0.05549133,0.06589595,0.043930635,0.008092485,0.056647398,0.05086705,0.098265894,0.011560693,0.041618496,0.026589595,0.009248555,0.042774566,0.03236994,eff
0.023319615,0.056241427,0.13854596,0.0521262,0.049382716,0.075445816,0.030178327,0.060356654,0.041152265,0.060356654,0.11111111,0.03978052,0.1042524,0.037037037,0.024691358,0.028806584,0.0054869684,0.042524006,0.01920439,eff
0.016877636,0.080168776,0.0907173,0.01898734,0.02742616,0.07172996,0.03797468,0.11181434,0.10548523,0.03586498,0.050632913,0.046413504,0.073839664,0.03797468,0.012658228,0.101265825,0.02742616,0.050632913,0.0021097045,eff
0.01459854,0.035279807,0.07420924,0.05352798,0.11678832,0.047445256,0.048661802,0.079075426,0.04379562,0.048661802,0.085158154,0.05109489,0.040145986,0.037712894,0.05352798,0.049878344,0.07177616,0.023114355,0.00729927,0.018248174,eff
0.018867925,0.05345912,0.11006289,0.0754717,0.040880505,0.0754717,0.040880505,0.06918239,0.012578616,0.044025157,0.08805031,0.059748426,0.07861635,0.08490566,0.018867925,0.040880505,0.022012578,0.022012578,0.03773585,0.006289308,eff
0.016483517,0.04945055,0.03663004,0.06776557,0.04945055,0.082417585,0.10989011,0.025641026,0.06043956,0.08608059,0.07509158,0.06959707,0.032967035,0.032967035,0.053113554,0.04029304,0.05860806,0.023809524,0.010989011,0.01831502,eff
0.027237354,0.038910504,0.05836576,0.112840466,0.050583657,0.11673152,0.054474708,0.050583657,0.07782101,0.035019454,0.023346303,0.11673152,0.054474708,0.050583657,0.015564202,0.046692606,0.015564202,0.019455252,0.023346303,0.0116731515,eff
0.031518623,0.051575933,0.042979944,0.031518623,0.07736389,0.04011461,0.054441262,0.08309455,0.08309455,0.106017195,0.054441262,0.020057306,0.037249282,0.045845274,0.06017192,0.014326648,0.06303725,0.0114613185,0.06303725,0.028653296,eff
0.026378896,0.01438849,0.021582734,0.06954437,0.023980815,0.110311754,0.026378896,0.112709835,0.11510792,0.06714629,0.021582734,0.09592326,0.09832134,0.033573143,0.01438849,0.07434053,0.021582734,0.023980815,0.026378896,0.0023980816,eff
0.015492958,0.059154928,0.047887325,0.030985916,0.06901409,0.030985916,0.06338028,0.09014084,0.09859155,0.061971832,0.07605634,0.03661972,0.026760563,0.032394364,0.06901409,0.050704226,0.07605634,0.029577464,0.02112676,0.014084507,eff
0.02661597,0.038022812,0.03041825,0.13307984,0.064638786,0.0608365,0.05323194,0.05323194,0.022813689,0.03041825,0.08365019,0.04942966,0.03041825,0.05703422,0.04942966,0.05323194,0.0608365,0.076045625,0.015209125,0.0114068445,eff
0.020325202,0.11788618,0.044715445,0.06910569,0.05284553,0.028455285,0.05691057,0.048780486,0.044715445,0.09756097,0.08130081,0.036585364,0.06504065,0.008130081,0.020325202,0.08130081,0.06097561,0.020325202,0.008130081,0.036585364,eff
0.012269938,0.044989776,0.047034767,0.0797546,0.020449897,0.10429448,0.09406953,0.1206544,0.028629856,0.06543967,0.057259712,0.014314928,0.057259712,0.042944785,0.075664625,0.014314928,0.028629856,0.024539877,0.038854804,0.028629856,eff
0.008650519,0.074394464,0.053633217,0.062283736,0.029411765,0.11764706,0.14186852,0.055363324,0.05882353,0.031141868,0.08477509,0.05882353,0.022491349,0.046712805,0.013840831,0.029411765,0.067474045,0.020761246,0.012110727,0.010380623,eff
0.0065934067,0.083516486,0.035164837,0.046153847,0.07032967,0.03076923,0.09010989,0.06593407,0.08791209,0.03736264,0.08571429,0.024175825,0.11208791,0.032967035,0.04835165,0.0043956046,0.054945055,0.03736264,0.026373627,0.01978022,eff
0.01814516,0.04233871,0.070564516,0.058467742,0.038306452,0.07862903,0.024193548,0.088709675,0.09677419,0.022177419,0.10080645,0.058467742,0.04233871,0.06451613,0.024193548,0.04637097,0.05645161,0.030241935,0.032258064,0.006048387,eff
0.010775862,0.114224136,0.049568966,0.08405172,0.021551725,0.109913796,0.08405172,0.036637932,0.04525862,0.056034483,0.0625,0.036637932,0.109913796,0.04525862,0.028017242,0.019396551,0.015086207,0.0064655175,0.04310345,0.021551725,eff
0.03448276,0.08275862,0.055172414,0.055172414,0.048275862,0.020689655,0.03448276,0.07586207,0.03448276,0.04137931,0.048275862,0.07586207,0.089655176,0.048275862,0.055172414,0.013793103,0.08275862,0.048275862,0.04137931,0.013793103,eff
0.013574661,0.036199097,0.09049774,0.049773756,0.036199097,0.06334842,0.07239819,0.09049774,0.05882353,0.13574661,0.05882353,0.049773756,0.054298643,0.004524887,0.049773756,0.013574661,0.03167421,0.054298643,0.004524887,0.03167421,eff
0.0100603625,0.086519115,0.038229376,0.046277665,0.028169014,0.052313883,0.04225352,0.06036217,0.06639839,0.11066398,0.062374245,0.044265594,0.056338027,0.052313883,0.08249497,0.062374245,0.016096579,0.030181086,0.052313883,eff
0.026666667,0.04,0.06666667,0.11333334,0.1,0.14666666,0.07333333,0.053333335,0.02,0.033333335,0.04,0.02,0.033333335,0.02,0.02,0.02,0.06,0.026666667,0.053333335,0.033333335,eff
0.0147929,0.03254438,0.039940827,0.09319527,0.06656805,0.057692308,0.12278107,0.05029586,0.07100592,0.063609466,0.044378698,0.04585799,0.04881657,0.056213018,0.054733727,0.01775148,0.06213018,0.03402367,0.01627219,0.00739645,eff
0.026819924,0.06896552,0.049808428,0.04597701,0.038314175,0.07662835,0.099616855,0.038314175,0.03065134,0.049808428,0.03065134,0.08812261,0.10344828,0.06130268,0.03448276,0.06130268,0.022988506,0.057471264,0.01532567,eff
0.031914894,0.06382979,0.05319149,0.031914894,0.04255319,0.10106383,0.13297872,0.07446808,0.031914894,0.047872342,0.015957447,0.09042553,0.07978723,0.021276595,0.05851064,0.05851064,0.015957447,0.03723404,0.010638298,eff
0.019400353,0.052910052,0.06878307,0.04409171,0.038800705,0.04585538,0.040564373,0.074074075,0.11111111,0.017636685,0.059964728,0.074074075,0.031746034,0.04761905,0.06349207,0.06525573,0.026455026,0.04761905,0.04761905,0.02292769,eff
0.016453382,0.043875687,0.07129799,0.05667276,0.1023766,0.1023766,0.100548446,0.04570384,0.049360145,0.053016454,0.053016454,0.093235835,0.02559415,0.009140768,0.053016454,0.05667276,0.018281536,0.0036563072,0.027422303,0.018281536,eff
0.015345269,0.046035804,0.012787724,0.06649616,0.09462915,0.05882353,0.08695652,0.056265984,0.046035804,0.04859335,0.071611255,0.015345269,0.051150896,0.061381076,0.017902814,0.05882353,0.03836317,0.099744245,0.04859335,0.0051150895,eff
0.016666668,0.028571429,0.07619048,0.042857144,0.03809524,0.04761905,0.014285714,0.045238096,0.05952381,0.092857145,0.057142857,0.10714286,0.021428572,0.04047619,0.04761905,0.11666667,0.071428575,0.052380953,0.00952381,0.014285714,eff
0.024390243,0.03902439,0.034146342,0.06341463,0.043902438,0.058536585,0.087804876,0.053658538,0.053658538,0.087804876,0.043902438,0.11707317,0.03902439,0.048780486,0.058536585,0.004878049,0.034146342,0.068292685,0.019512195,0.019512195,eff
0.017191976,0.04011461,0.09455588,0.14326647,0.09742121,0.06303725,0.051575933,0.04011461,0.045845274,0.0057306592,0.08309455,0.04011461,0.068767905,0.04011461,0.0114613185,0.025787966,0.042979944,0.042979944,0.014326648,0.031518623,eff
0.017391304,0.069565214,0.069565214,0.060869563,0.08695652,0.08695652,0.104347825,0.034782607,0.060869563,0.04347826,0.04347826,0.060869563,0.052173913,0.07826087,0.026086956,0.052173913,0.026086956,0.026086956,eff
0.016666668,0.086666666,0.06666667,0.09,0.05,0.036666665,0.04,0.13666667,0.10666667,0.036666665,0.023333333,0.006666667,0.01,0.11333334,0.01,0.026666667,0.036666665,0.05666667,0.04,0.01,eff
0.020114943,0.028735632,0.066091955,0.028735632,0.12643678,0.054597702,0.057471264,0.060344826,0.03735632,0.057471264,0.06321839,0.09195402,0.060344826,0.060344826,0.011494253,0.048850574,0.031609196,0.04597701,0.04310345,0.0057471264,eff
0.01863354,0.08074534,0.010351967,0.04761905,0.057971016,0.062111802,0.04347826,0.039337475,0.049689442,0.07867495,0.07867495,0.08281574,0.04140787,0.08074534,0.06004141,0.045548655,0.051759835,0.01863354,0.045548655,0.0062111802,eff
0.054054055,0.027027028,0.10810811,0.027027028,0.1891892,0.054054055,0.13513513,0.054054055,0.10810811,0.08108108,0.054054055,0.08108108,0.027027028,eff
0.018691588,0.018691588,0.10280374,0.037383176,0.05140187,0.12616822,0.042056076,0.088785045,0.08411215,0.1588785,0.014018691,0.07943925,0.042056076,0.037383176,0.042056076,0.014018691,0.03271028,0.009345794,eff
0.021276595,0.039007094,0.05319149,0.07092199,0.08510638,0.081560284,0.08510638,0.05319149,0.039007094,0.11702128,0.017730497,0.010638298,0.07092199,0.04609929,0.060283687,0.04255319,0.035460994,0.04255319,0.024822695,0.0035460992,eff
0.009090909,0.04090909,0.06818182,0.11363637,0.06818182,0.04090909,0.04090909,0.086363636,0.045454547,0.036363635,0.05909091,0.036363635,0.10909091,0.05909091,0.07272727,0.009090909,0.013636364,0.05,0.03181818,0.009090909,eff
0.011428571,0.068571426,0.054285713,0.04857143,0.08,0.071428575,0.05142857,0.08857143,0.04857143,0.057142857,0.042857144,0.028571429,0.09714286,0.057142857,0.054285713,0.011428571,0.068571426,0.03142857,0.008571428,0.02,eff
0.009708738,0.116504855,0.029126214,0.067961164,0.058252428,0.048543688,0.029126214,0.048543688,0.029126214,0.058252428,0.08737864,0.048543688,0.029126214,0.106796116,0.08737864,0.03883495,0.058252428,0.019417476,0.009708738,0.019417476,eff
0.007067138,0.056537103,0.08480565,0.09187279,0.06360424,0.06007067,0.053003535,0.06360424,0.021201413,0.06360424,0.06360424,0.074204944,0.042402826,0.03533569,0.049469966,0.053003535,0.056537103,0.010600707,0.024734983,0.024734983,eff
0.01576182,0.11558669,0.02451839,0.06830122,0.06304728,0.11558669,0.05078809,0.038528897,0.014010508,0.085814364,0.042031523,0.04028021,0.05078809,0.06129597,0.05078809,0.036777582,0.017513135,0.077057794,0.02977233,0.0017513135,eff
0.013986014,0.067599066,0.067599066,0.12820514,0.06177156,0.047785547,0.057109557,0.08391608,0.04195804,0.045454547,0.04195804,0.036130536,0.04195804,0.011655011,0.074592076,0.07575758,0.026806526,0.034965035,0.024475524,0.016317016,eff
0.021367522,0.14957266,0.07692308,0.07692308,0.061965812,0.047008548,0.06837607,0.042735044,0.051282052,0.10042735,0.017094018,0.036324788,0.07478633,0.034188036,0.021367522,0.032051284,0.047008548,0.017094018,0.017094018,0.0064102565,eff
0.012925969,0.05640423,0.041128084,0.13513513,0.071680374,0.0787309,0.04465335,0.030552292,0.03760282,0.036427733,0.05757932,0.05052879,0.03172738,0.064629845,0.027027028,0.059929494,0.08343126,0.05052879,0.016451234,0.012925969,eff
0.011019284,0.044077136,0.07575758,0.07575758,0.0661157,0.046831954,0.08815427,0.11294766,0.045454547,0.037190083,0.030303031,0.049586777,0.038567495,0.030303031,0.05922865,0.0261708,0.06473829,0.019283747,0.0661157,0.012396694,eff
0.016304348,0.092391305,0.048913043,0.125,0.07608695,0.038043477,0.04347826,0.08695652,0.11413044,0.032608695,0.016304348,0.048913043,0.04347826,0.05978261,0.02173913,0.038043477,0.02173913,0.054347824,0.016304348,0.0054347827,eff
0.017567568,0.067567565,0.07162162,0.05,0.12027027,0.06351351,0.072972976,0.017567568,0.03108108,0.0472973,0.0472973,0.06486487,0.05945946,0.03108108,0.05135135,0.05135135,0.044594593,0.027027028,0.056756757,0.006756757,eff
0.016176471,0.045588236,0.039705884,0.052941177,0.052941177,0.04117647,0.08235294,0.09411765,0.01764706,0.03529412,0.054411765,0.06911765,0.08529412,0.12794118,0.045588236,0.039705884,0.016176471,0.029411765,0.04264706,0.011764706,eff
0.01863354,0.031055901,0.04347826,0.18012422,0.055900622,0.06832298,0.04347826,0.10559006,0.03726708,0.03726708,0.03726708,0.062111802,0.024844721,0.049689442,0.01863354,0.055900622,0.099378884,0.0062111802,0.024844721,eff
0.020304568,0.04568528,0.04568528,0.08629441,0.10152284,0.05076142,0.0964467,0.07614213,0.030456852,0.005076142,0.07106599,0.07106599,0.10152284,0.055837564,0.010152284,0.07106599,0.030456852,0.015228426,0.010152284,0.005076142,eff
0.013513514,0.117117114,0.058558557,0.03153153,0.022522522,0.1036036,0.0945946,0.04954955,0.045045044,0.11261261,0.054054055,0.0045045046,0.058558557,0.013513514,0.036036037,0.04954955,0.045045044,0.067567565,0.0045045046,0.018018018,eff
0.003773585,0.08490566,0.05283019,0.043396227,0.028301887,0.0754717,0.10754717,0.05283019,0.054716982,0.1,0.06981132,0.04528302,0.05283019,0.06792453,0.056603774,0.01509434,0.018867925,0.047169812,0.00754717,0.01509434,eff
0.022284122,0.08356546,0.011142061,0.04735376,0.0724234,0.04735376,0.038997214,0.03064067,0.10306407,0.05292479,0.08077995,0.038997214,0.0362117,0.11142062,0.04735376,0.016713092,0.058495823,0.04178273,0.050139274,0.008356546,eff
0.013597033,0.092707045,0.044499382,0.05067985,0.0407911,0.1223733,0.051915947,0.029666254,0.029666254,0.0407911,0.08776267,0.07911001,0.042027194,0.03213844,0.077873915,0.009888751,0.085290484,0.043263286,0.017305315,0.008652657,eff
0.016522989,0.043821838,0.06896552,0.0064655175,0.11566092,0.048850574,0.054597702,0.068247125,0.09123563,0.0862069,0.047413792,0.03520115,0.048132185,0.057471264,0.042385057,0.05675287,0.020114943,0.036637932,0.036637932,0.01867816,eff
0.017266188,0.10071942,0.060431655,0.058992807,0.10215827,0.031654675,0.10647482,0.05611511,0.023021583,0.04028777,0.10215827,0.04028777,0.044604316,0.05467626,0.043165468,0.03884892,0.017266188,0.044604316,0.008633094,0.008633094,eff
0.012886598,0.05154639,0.05670103,0.030927835,0.067010306,0.10309278,0.06185567,0.1056701,0.079896905,0.033505153,0.030927835,0.067010306,0.05412371,0.05154639,0.012886598,0.04896907,0.04639175,0.05670103,0.018041236,0.010309278,eff
0.015523933,0.045278136,0.086675294,0.077619664,0.06468305,0.12031048,0.028460544,0.058214746,0.029754205,0.0090556275,0.08408797,0.06080207,0.05950841,0.08538163,0.031047866,0.045278136,0.016817594,0.05045278,0.02457956,0.0064683054,eff
